# Blender v2.80 (sub 75) OBJ File: 'salt.blend'
# www.blender.org
mtllib salt.mtl
o Cube.006
v 0.054828 -0.196073 -0.116409
v -0.048966 -0.415865 -0.169880
v 0.056256 -0.255540 0.125257
v -0.047538 -0.475332 0.071786
v -0.171370 -0.095594 -0.090348
v -0.275164 -0.315386 -0.143819
v -0.169942 -0.155061 0.151319
v -0.273736 -0.374853 0.097848
v -0.156882 -0.397501 0.187468
v -0.129543 -0.274294 0.093008
v -0.136443 -0.495436 0.065644
v -0.109104 -0.372230 -0.028816
v -0.002983 -0.406381 0.220428
v 0.024357 -0.283174 0.125967
v 0.017456 -0.504317 0.098604
v 0.044796 -0.381110 0.004143
v -0.086032 -0.463955 0.128456
v -0.050494 -0.398678 0.141549
v -0.047923 -0.471731 0.063783
v -0.012384 -0.406454 0.076876
v -0.031442 -0.501022 0.165081
v 0.004097 -0.435745 0.178174
v 0.006668 -0.508798 0.100408
v 0.042206 -0.443521 0.113501
v -0.016485 -0.200304 0.045848
v 0.051701 -0.126861 -0.010039
v -0.026164 -0.263715 -0.049294
v 0.042022 -0.190272 -0.105180
v 0.075295 -0.261555 0.077334
v 0.143481 -0.188111 0.021447
v 0.065616 -0.324966 -0.017808
v 0.133802 -0.251523 -0.073694
v 0.043905 -0.503080 0.149656
v 0.016329 -0.354539 0.185432
v 0.025875 -0.470144 -0.000992
v -0.001701 -0.321602 0.034784
v 0.195626 -0.472169 0.138256
v 0.168051 -0.323628 0.174032
v 0.177596 -0.439232 -0.012392
v 0.150021 -0.290691 0.023384
v 0.224250 -0.237002 -0.045680
v 0.247334 -0.443113 -0.067556
v 0.162266 -0.264871 0.151487
v 0.185350 -0.470982 0.129610
v 0.026466 -0.252324 -0.110023
v 0.049551 -0.458435 -0.131900
v -0.035518 -0.280194 0.087143
v -0.012433 -0.486305 0.065266
v -0.108494 -0.461340 -0.085547
v -0.106131 -0.348352 -0.025939
v -0.201100 -0.418758 -0.162591
v -0.198737 -0.305770 -0.102984
v -0.020497 -0.419562 -0.168227
v -0.018134 -0.306574 -0.108619
v -0.113103 -0.376980 -0.245271
v -0.110740 -0.263992 -0.185664
v 0.102415 -0.338440 -0.234390
v 0.075076 -0.461647 -0.139930
v 0.081976 -0.240505 -0.112566
v 0.054637 -0.363712 -0.018106
v -0.051484 -0.329560 -0.267350
v -0.078824 -0.452767 -0.172889
v -0.071923 -0.231624 -0.145526
v -0.099263 -0.354831 -0.051065
v -0.071957 -0.505335 0.094317
v -0.071957 -0.443174 0.094317
v -0.071957 -0.505335 -0.117439
v -0.071957 -0.443174 -0.117439
v 0.139800 -0.505335 0.094317
v 0.139800 -0.443174 0.094317
v 0.139800 -0.505335 -0.117439
v 0.139800 -0.443174 -0.117439
vt 0.375000 0.000000
vt 0.625000 0.000000
vt 0.625000 0.250000
vt 0.375000 0.250000
vt 0.375000 0.250000
vt 0.625000 0.250000
vt 0.625000 0.500000
vt 0.375000 0.500000
vt 0.625000 0.750000
vt 0.375000 0.750000
vt 0.625000 0.750000
vt 0.625000 1.000000
vt 0.375000 1.000000
vt 0.125000 0.500000
vt 0.375000 0.500000
vt 0.375000 0.750000
vt 0.125000 0.750000
vt 0.625000 0.500000
vt 0.875000 0.500000
vt 0.875000 0.750000
vt 0.375000 0.000000
vt 0.375000 0.250000
vt 0.625000 0.250000
vt 0.625000 0.000000
vt 0.375000 0.250000
vt 0.375000 0.500000
vt 0.625000 0.500000
vt 0.625000 0.250000
vt 0.375000 0.750000
vt 0.625000 0.750000
vt 0.375000 1.000000
vt 0.625000 1.000000
vt 0.625000 0.750000
vt 0.125000 0.500000
vt 0.125000 0.750000
vt 0.375000 0.750000
vt 0.375000 0.500000
vt 0.625000 0.500000
vt 0.875000 0.750000
vt 0.875000 0.500000
vt 0.375000 0.000000
vt 0.375000 0.250000
vt 0.625000 0.250000
vt 0.625000 0.000000
vt 0.375000 0.250000
vt 0.375000 0.500000
vt 0.625000 0.500000
vt 0.625000 0.250000
vt 0.375000 0.750000
vt 0.625000 0.750000
vt 0.375000 1.000000
vt 0.625000 1.000000
vt 0.625000 0.750000
vt 0.125000 0.500000
vt 0.125000 0.750000
vt 0.375000 0.750000
vt 0.375000 0.500000
vt 0.625000 0.500000
vt 0.875000 0.750000
vt 0.875000 0.500000
vt 0.375000 0.000000
vt 0.375000 0.250000
vt 0.625000 0.250000
vt 0.625000 0.000000
vt 0.375000 0.250000
vt 0.375000 0.500000
vt 0.625000 0.500000
vt 0.625000 0.250000
vt 0.375000 0.750000
vt 0.625000 0.750000
vt 0.375000 1.000000
vt 0.625000 1.000000
vt 0.625000 0.750000
vt 0.125000 0.500000
vt 0.125000 0.750000
vt 0.375000 0.750000
vt 0.375000 0.500000
vt 0.625000 0.500000
vt 0.875000 0.750000
vt 0.875000 0.500000
vt 0.375000 0.000000
vt 0.375000 0.250000
vt 0.625000 0.250000
vt 0.625000 0.000000
vt 0.375000 0.250000
vt 0.375000 0.500000
vt 0.625000 0.500000
vt 0.625000 0.250000
vt 0.375000 0.750000
vt 0.625000 0.750000
vt 0.375000 1.000000
vt 0.625000 1.000000
vt 0.625000 0.750000
vt 0.125000 0.500000
vt 0.125000 0.750000
vt 0.375000 0.750000
vt 0.375000 0.500000
vt 0.625000 0.500000
vt 0.875000 0.750000
vt 0.875000 0.500000
vt 0.375000 0.000000
vt 0.625000 0.000000
vt 0.625000 0.250000
vt 0.375000 0.250000
vt 0.375000 0.250000
vt 0.625000 0.250000
vt 0.625000 0.500000
vt 0.375000 0.500000
vt 0.625000 0.750000
vt 0.375000 0.750000
vt 0.625000 0.750000
vt 0.625000 1.000000
vt 0.375000 1.000000
vt 0.125000 0.500000
vt 0.375000 0.500000
vt 0.375000 0.750000
vt 0.125000 0.750000
vt 0.625000 0.500000
vt 0.875000 0.500000
vt 0.875000 0.750000
vt 0.375000 0.000000
vt 0.375000 0.250000
vt 0.625000 0.250000
vt 0.625000 0.000000
vt 0.375000 0.250000
vt 0.375000 0.500000
vt 0.625000 0.500000
vt 0.625000 0.250000
vt 0.375000 0.750000
vt 0.625000 0.750000
vt 0.375000 1.000000
vt 0.625000 1.000000
vt 0.625000 0.750000
vt 0.125000 0.500000
vt 0.125000 0.750000
vt 0.375000 0.750000
vt 0.375000 0.500000
vt 0.625000 0.500000
vt 0.875000 0.750000
vt 0.875000 0.500000
vt 0.375000 0.000000
vt 0.375000 0.250000
vt 0.625000 0.250000
vt 0.625000 0.000000
vt 0.375000 0.500000
vt 0.625000 0.500000
vt 0.375000 0.750000
vt 0.625000 0.750000
vt 0.375000 1.000000
vt 0.625000 1.000000
vt 0.125000 0.500000
vt 0.125000 0.750000
vt 0.875000 0.750000
vt 0.875000 0.500000
vt 0.375000 0.000000
vt 0.625000 0.000000
vt 0.625000 0.250000
vt 0.375000 0.250000
vt 0.625000 0.500000
vt 0.375000 0.500000
vt 0.625000 0.750000
vt 0.375000 0.750000
vt 0.625000 1.000000
vt 0.375000 1.000000
vt 0.125000 0.500000
vt 0.125000 0.750000
vt 0.875000 0.500000
vt 0.875000 0.750000
vn 0.4170 0.8831 0.2148
vn 0.0057 -0.2389 0.9710
vn -0.9089 0.4037 0.1047
vn -0.4170 -0.8831 -0.2148
vn 0.9089 -0.4037 -0.1047
vn -0.0057 0.2389 -0.9710
vn -0.1734 -0.7816 0.5992
vn 0.1297 -0.6213 -0.7728
vn 0.9763 -0.0563 0.2091
vn 0.1734 0.7816 -0.5992
vn -0.9763 0.0563 -0.2091
vn -0.1297 0.6213 0.7728
vn -0.4709 -0.8650 -0.1735
vn 0.5050 -0.1030 -0.8570
vn 0.7234 -0.4912 0.4853
vn 0.4709 0.8650 0.1735
vn -0.7234 0.4912 -0.4853
vn -0.5050 0.1030 0.8570
vn -0.5942 -0.6401 0.4870
vn -0.0844 -0.5526 -0.8291
vn 0.7999 -0.5338 0.2744
vn 0.5942 0.6401 -0.4870
vn -0.7999 0.5338 -0.2744
vn 0.0844 0.5526 0.8291
vn 0.1776 -0.9567 -0.2304
vn -0.1161 0.2121 -0.9703
vn 0.9772 0.1991 -0.0734
vn -0.1776 0.9567 0.2304
vn -0.9772 -0.1991 0.0734
vn 0.1161 -0.2121 0.9703
vn -0.1107 0.9883 0.1049
vn -0.2972 -0.1336 0.9454
vn -0.9484 -0.0735 -0.3085
vn 0.1107 -0.9883 -0.1049
vn 0.9484 0.0735 0.3085
vn 0.2972 0.1336 -0.9454
vn -0.0185 -0.8843 -0.4665
vn -0.7248 0.3333 -0.6030
vn 0.6887 0.3270 -0.6471
vn 0.0185 0.8843 0.4665
vn -0.6887 -0.3270 0.6471
vn 0.7248 -0.3333 0.6030
vn -1.0000 0.0000 0.0000
vn 0.0000 -0.0000 -1.0000
vn 1.0000 0.0000 -0.0000
vn 0.0000 -0.0000 1.0000
vn 0.0000 -1.0000 0.0000
vn 0.0000 1.0000 0.0000
usemtl Material
s off
f 1/1/1 5/2/1 7/3/1 3/4/1
f 4/5/2 3/6/2 7/7/2 8/8/2
f 8/8/3 7/7/3 5/9/3 6/10/3
f 6/10/4 2/11/4 4/12/4 8/13/4
f 2/14/5 1/15/5 3/16/5 4/17/5
f 6/18/6 5/19/6 1/20/6 2/11/6
f 9/21/7 11/22/7 15/23/7 13/24/7
f 12/25/8 16/26/8 15/27/8 11/28/8
f 16/26/9 14/29/9 13/30/9 15/27/9
f 14/29/10 16/31/10 12/32/10 10/33/10
f 10/34/11 12/35/11 11/36/11 9/37/11
f 14/38/12 10/33/12 9/39/12 13/40/12
f 17/41/13 19/42/13 23/43/13 21/44/13
f 20/45/14 24/46/14 23/47/14 19/48/14
f 24/46/15 22/49/15 21/50/15 23/47/15
f 22/49/16 24/51/16 20/52/16 18/53/16
f 18/54/17 20/55/17 19/56/17 17/57/17
f 22/58/18 18/53/18 17/59/18 21/60/18
f 25/61/19 27/62/19 31/63/19 29/64/19
f 28/65/20 32/66/20 31/67/20 27/68/20
f 32/66/21 30/69/21 29/70/21 31/67/21
f 30/69/22 32/71/22 28/72/22 26/73/22
f 26/74/23 28/75/23 27/76/23 25/77/23
f 30/78/24 26/73/24 25/79/24 29/80/24
f 33/81/25 35/82/25 39/83/25 37/84/25
f 36/85/26 40/86/26 39/87/26 35/88/26
f 40/86/27 38/89/27 37/90/27 39/87/27
f 38/89/28 40/91/28 36/92/28 34/93/28
f 34/94/29 36/95/29 35/96/29 33/97/29
f 38/98/30 34/93/30 33/99/30 37/100/30
f 41/101/31 45/102/31 47/103/31 43/104/31
f 44/105/32 43/106/32 47/107/32 48/108/32
f 48/108/33 47/107/33 45/109/33 46/110/33
f 46/110/34 42/111/34 44/112/34 48/113/34
f 42/114/35 41/115/35 43/116/35 44/117/35
f 46/118/36 45/119/36 41/120/36 42/111/36
f 49/121/37 51/122/37 55/123/37 53/124/37
f 52/125/38 56/126/38 55/127/38 51/128/38
f 56/126/39 54/129/39 53/130/39 55/127/39
f 54/129/40 56/131/40 52/132/40 50/133/40
f 50/134/41 52/135/41 51/136/41 49/137/41
f 54/138/42 50/133/42 49/139/42 53/140/42
f 57/141/9 59/142/9 60/143/9 58/144/9
f 59/142/12 63/145/12 64/146/12 60/143/12
f 63/145/11 61/147/11 62/148/11 64/146/11
f 61/147/8 57/149/8 58/150/8 62/148/8
f 59/151/10 57/152/10 61/147/10 63/145/10
f 64/146/7 62/148/7 58/153/7 60/154/7
f 65/155/43 66/156/43 68/157/43 67/158/43
f 67/158/44 68/157/44 72/159/44 71/160/44
f 71/160/45 72/159/45 70/161/45 69/162/45
f 69/162/46 70/161/46 66/163/46 65/164/46
f 67/165/47 71/160/47 69/162/47 65/166/47
f 72/159/48 68/167/48 66/168/48 70/161/48
